  -7.8539816339744828e-01  -7.8539816339744828e-01  -7.8539816339744828e-01  -1.0471975511965976e+00  -8.7266462599716477e-01  -7.8539816339744828e-01
  -7.8539816339744828e-01  -7.8539816339744828e-01  -7.8539816339744828e-01   0.0000000000000000e+00  -3.0543261909900765e-01   0.0000000000000000e+00
  -7.8539816339744828e-01  -7.8539816339744828e-01  -7.8539816339744828e-01   1.0471975511965976e+00   2.6179938779914941e-01   7.8539816339744828e-01
  -7.0272467251350634e-01  -7.0272467251350634e-01  -7.0272467251350634e-01  -1.0471975511965976e+00  -8.7266462599716477e-01  -7.8539816339744828e-01
  -7.0272467251350634e-01  -7.0272467251350634e-01  -7.0272467251350634e-01   0.0000000000000000e+00  -3.0543261909900765e-01   0.0000000000000000e+00
  -7.0272467251350634e-01  -7.0272467251350634e-01  -7.0272467251350634e-01   1.0471975511965976e+00   2.6179938779914941e-01   7.8539816339744828e-01
  -6.2005118162956441e-01  -6.2005118162956441e-01  -6.2005118162956441e-01  -1.0471975511965976e+00  -8.7266462599716477e-01  -7.8539816339744828e-01
  -6.2005118162956441e-01  -6.2005118162956441e-01  -6.2005118162956441e-01   0.0000000000000000e+00  -3.0543261909900765e-01   0.0000000000000000e+00
  -6.2005118162956441e-01  -6.2005118162956441e-01  -6.2005118162956441e-01   1.0471975511965976e+00   2.6179938779914941e-01   7.8539816339744828e-01
  -5.3737769074562247e-01  -5.3737769074562247e-01  -5.3737769074562247e-01  -1.0471975511965976e+00  -8.7266462599716477e-01  -7.8539816339744828e-01
  -5.3737769074562247e-01  -5.3737769074562247e-01  -5.3737769074562247e-01   0.0000000000000000e+00  -3.0543261909900765e-01   0.0000000000000000e+00
  -5.3737769074562247e-01  -5.3737769074562247e-01  -5.3737769074562247e-01   1.0471975511965976e+00   2.6179938779914941e-01   7.8539816339744828e-01
  -4.5470419986168059e-01  -4.5470419986168059e-01  -4.5470419986168059e-01  -1.0471975511965976e+00  -8.7266462599716477e-01  -7.8539816339744828e-01
  -4.5470419986168059e-01  -4.5470419986168059e-01  -4.5470419986168059e-01   0.0000000000000000e+00  -3.0543261909900765e-01   0.0000000000000000e+00
  -4.5470419986168059e-01  -4.5470419986168059e-01  -4.5470419986168059e-01   1.0471975511965976e+00   2.6179938779914941e-01   7.8539816339744828e-01
  -3.7203070897773866e-01  -3.7203070897773866e-01  -3.7203070897773866e-01  -1.0471975511965976e+00  -8.7266462599716477e-01  -7.8539816339744828e-01
  -3.7203070897773866e-01  -3.7203070897773866e-01  -3.7203070897773866e-01   0.0000000000000000e+00  -3.0543261909900765e-01   0.0000000000000000e+00
  -3.7203070897773866e-01  -3.7203070897773866e-01  -3.7203070897773866e-01   1.0471975511965976e+00   2.6179938779914941e-01   7.8539816339744828e-01
  -2.8935721809379672e-01  -2.8935721809379672e-01  -2.8935721809379672e-01  -1.0471975511965976e+00  -8.7266462599716477e-01  -7.8539816339744828e-01
  -2.8935721809379672e-01  -2.8935721809379672e-01  -2.8935721809379672e-01   0.0000000000000000e+00  -3.0543261909900765e-01   0.0000000000000000e+00
  -2.8935721809379672e-01  -2.8935721809379672e-01  -2.8935721809379672e-01   1.0471975511965976e+00   2.6179938779914941e-01   7.8539816339744828e-01
  -2.0668372720985481e-01  -2.0668372720985481e-01  -2.0668372720985481e-01  -1.0471975511965976e+00  -8.7266462599716477e-01  -7.8539816339744828e-01
  -2.0668372720985481e-01  -2.0668372720985481e-01  -2.0668372720985481e-01   0.0000000000000000e+00  -3.0543261909900765e-01   0.0000000000000000e+00
  -2.0668372720985481e-01  -2.0668372720985481e-01  -2.0668372720985481e-01   1.0471975511965976e+00   2.6179938779914941e-01   7.8539816339744828e-01
  -1.2401023632591288e-01  -1.2401023632591288e-01  -1.2401023632591288e-01  -1.0471975511965976e+00  -8.7266462599716477e-01  -7.8539816339744828e-01
  -1.2401023632591288e-01  -1.2401023632591288e-01  -1.2401023632591288e-01   0.0000000000000000e+00  -3.0543261909900765e-01   0.0000000000000000e+00
  -1.2401023632591288e-01  -1.2401023632591288e-01  -1.2401023632591288e-01   1.0471975511965976e+00   2.6179938779914941e-01   7.8539816339744828e-01
  -4.1336745441970961e-02  -4.1336745441970961e-02  -4.1336745441970961e-02  -1.0471975511965976e+00  -8.7266462599716477e-01  -7.8539816339744828e-01
  -4.1336745441970961e-02  -4.1336745441970961e-02  -4.1336745441970961e-02   0.0000000000000000e+00  -3.0543261909900765e-01   0.0000000000000000e+00
  -4.1336745441970961e-02  -4.1336745441970961e-02  -4.1336745441970961e-02   1.0471975511965976e+00   2.6179938779914941e-01   7.8539816339744828e-01
   4.1336745441970961e-02   4.1336745441970961e-02   4.1336745441970961e-02  -1.0471975511965976e+00  -8.7266462599716477e-01  -7.8539816339744828e-01
   4.1336745441970961e-02   4.1336745441970961e-02   4.1336745441970961e-02   0.0000000000000000e+00  -3.0543261909900765e-01   0.0000000000000000e+00
   4.1336745441970961e-02   4.1336745441970961e-02   4.1336745441970961e-02   1.0471975511965976e+00   2.6179938779914941e-01   7.8539816339744828e-01
   1.2401023632591288e-01   1.2401023632591288e-01   1.2401023632591288e-01  -1.0471975511965976e+00  -8.7266462599716477e-01  -7.8539816339744828e-01
   1.2401023632591288e-01   1.2401023632591288e-01   1.2401023632591288e-01   0.0000000000000000e+00  -3.0543261909900765e-01   0.0000000000000000e+00
   1.2401023632591288e-01   1.2401023632591288e-01   1.2401023632591288e-01   1.0471975511965976e+00   2.6179938779914941e-01   7.8539816339744828e-01
   2.0668372720985481e-01   2.0668372720985481e-01   2.0668372720985481e-01  -1.0471975511965976e+00  -8.7266462599716477e-01  -7.8539816339744828e-01
   2.0668372720985481e-01   2.0668372720985481e-01   2.0668372720985481e-01   0.0000000000000000e+00  -3.0543261909900765e-01   0.0000000000000000e+00
   2.0668372720985481e-01   2.0668372720985481e-01   2.0668372720985481e-01   1.0471975511965976e+00   2.6179938779914941e-01   7.8539816339744828e-01
   2.8935721809379672e-01   2.8935721809379672e-01   2.8935721809379672e-01  -1.0471975511965976e+00  -8.7266462599716477e-01  -7.8539816339744828e-01
   2.8935721809379672e-01   2.8935721809379672e-01   2.8935721809379672e-01   0.0000000000000000e+00  -3.0543261909900765e-01   0.0000000000000000e+00
   2.8935721809379672e-01   2.8935721809379672e-01   2.8935721809379672e-01   1.0471975511965976e+00   2.6179938779914941e-01   7.8539816339744828e-01
   3.7203070897773866e-01   3.7203070897773866e-01   3.7203070897773866e-01  -1.0471975511965976e+00  -8.7266462599716477e-01  -7.8539816339744828e-01
   3.7203070897773866e-01   3.7203070897773866e-01   3.7203070897773866e-01   0.0000000000000000e+00  -3.0543261909900765e-01   0.0000000000000000e+00
   3.7203070897773866e-01   3.7203070897773866e-01   3.7203070897773866e-01   1.0471975511965976e+00   2.6179938779914941e-01   7.8539816339744828e-01
   4.5470419986168059e-01   4.5470419986168059e-01   4.5470419986168059e-01  -1.0471975511965976e+00  -8.7266462599716477e-01  -7.8539816339744828e-01
   4.5470419986168059e-01   4.5470419986168059e-01   4.5470419986168059e-01   0.0000000000000000e+00  -3.0543261909900765e-01   0.0000000000000000e+00
   4.5470419986168059e-01   4.5470419986168059e-01   4.5470419986168059e-01   1.0471975511965976e+00   2.6179938779914941e-01   7.8539816339744828e-01
   5.3737769074562247e-01   5.3737769074562247e-01   5.3737769074562247e-01  -1.0471975511965976e+00  -8.7266462599716477e-01  -7.8539816339744828e-01
   5.3737769074562247e-01   5.3737769074562247e-01   5.3737769074562247e-01   0.0000000000000000e+00  -3.0543261909900765e-01   0.0000000000000000e+00
   5.3737769074562247e-01   5.3737769074562247e-01   5.3737769074562247e-01   1.0471975511965976e+00   2.6179938779914941e-01   7.8539816339744828e-01
   6.2005118162956441e-01   6.2005118162956441e-01   6.2005118162956441e-01  -1.0471975511965976e+00  -8.7266462599716477e-01  -7.8539816339744828e-01
   6.2005118162956441e-01   6.2005118162956441e-01   6.2005118162956441e-01   0.0000000000000000e+00  -3.0543261909900765e-01   0.0000000000000000e+00
   6.2005118162956441e-01   6.2005118162956441e-01   6.2005118162956441e-01   1.0471975511965976e+00   2.6179938779914941e-01   7.8539816339744828e-01
   7.0272467251350634e-01   7.0272467251350634e-01   7.0272467251350634e-01  -1.0471975511965976e+00  -8.7266462599716477e-01  -7.8539816339744828e-01
   7.0272467251350634e-01   7.0272467251350634e-01   7.0272467251350634e-01   0.0000000000000000e+00  -3.0543261909900765e-01   0.0000000000000000e+00
   7.0272467251350634e-01   7.0272467251350634e-01   7.0272467251350634e-01   1.0471975511965976e+00   2.6179938779914941e-01   7.8539816339744828e-01
   7.8539816339744828e-01   7.8539816339744828e-01   7.8539816339744828e-01  -1.0471975511965976e+00  -8.7266462599716477e-01  -7.8539816339744828e-01
   7.8539816339744828e-01   7.8539816339744828e-01   7.8539816339744828e-01   0.0000000000000000e+00  -3.0543261909900765e-01   0.0000000000000000e+00
   7.8539816339744828e-01   7.8539816339744828e-01   7.8539816339744828e-01   1.0471975511965976e+00   2.6179938779914941e-01   7.8539816339744828e-01
