   5.2359877559829882e-01  -4.3633231299858238e-01  -3.4906585039886590e-01  -1.5707963267948966e+00   0.0000000000000000e+00  -5.2359877559829882e-01
   5.2359877559829882e-01  -4.3633231299858238e-01  -3.4906585039886590e-01  -7.8539816339744828e-01   4.3633231299858238e-01   0.0000000000000000e+00
   5.2359877559829882e-01  -4.3633231299858238e-01  -3.4906585039886590e-01   0.0000000000000000e+00   8.7266462599716477e-01   5.2359877559829882e-01
   5.8790037961914254e-01  -3.9499556755661142e-01  -3.0313613324112038e-01  -1.5707963267948966e+00   0.0000000000000000e+00  -5.2359877559829882e-01
   5.8790037961914254e-01  -3.9499556755661142e-01  -3.0313613324112038e-01  -7.8539816339744828e-01   4.3633231299858238e-01   0.0000000000000000e+00
   5.8790037961914254e-01  -3.9499556755661142e-01  -3.0313613324112038e-01   0.0000000000000000e+00   8.7266462599716477e-01   5.2359877559829882e-01
   6.5220198363998627e-01  -3.5365882211464045e-01  -2.5720641608337491e-01  -1.5707963267948966e+00   0.0000000000000000e+00  -5.2359877559829882e-01
   6.5220198363998627e-01  -3.5365882211464045e-01  -2.5720641608337491e-01  -7.8539816339744828e-01   4.3633231299858238e-01   0.0000000000000000e+00
   6.5220198363998627e-01  -3.5365882211464045e-01  -2.5720641608337491e-01   0.0000000000000000e+00   8.7266462599716477e-01   5.2359877559829882e-01
   7.1650358766083000e-01  -3.1232207667266948e-01  -2.1127669892562936e-01  -1.5707963267948966e+00   0.0000000000000000e+00  -5.2359877559829882e-01
   7.1650358766083000e-01  -3.1232207667266948e-01  -2.1127669892562936e-01  -7.8539816339744828e-01   4.3633231299858238e-01   0.0000000000000000e+00
   7.1650358766083000e-01  -3.1232207667266948e-01  -2.1127669892562936e-01   0.0000000000000000e+00   8.7266462599716477e-01   5.2359877559829882e-01
   7.8080519168167362e-01  -2.7098533123069857e-01  -1.6534698176788387e-01  -1.5707963267948966e+00   0.0000000000000000e+00  -5.2359877559829882e-01
   7.8080519168167362e-01  -2.7098533123069857e-01  -1.6534698176788387e-01  -7.8539816339744828e-01   4.3633231299858238e-01   0.0000000000000000e+00
   7.8080519168167362e-01  -2.7098533123069857e-01  -1.6534698176788387e-01   0.0000000000000000e+00   8.7266462599716477e-01   5.2359877559829882e-01
   8.4510679570251734e-01  -2.2964858578872757e-01  -1.1941726461013835e-01  -1.5707963267948966e+00   0.0000000000000000e+00  -5.2359877559829882e-01
   8.4510679570251734e-01  -2.2964858578872757e-01  -1.1941726461013835e-01  -7.8539816339744828e-01   4.3633231299858238e-01   0.0000000000000000e+00
   8.4510679570251734e-01  -2.2964858578872757e-01  -1.1941726461013835e-01   0.0000000000000000e+00   8.7266462599716477e-01   5.2359877559829882e-01
   9.0940839972336107e-01  -1.8831184034675660e-01  -7.3487547452392832e-02  -1.5707963267948966e+00   0.0000000000000000e+00  -5.2359877559829882e-01
   9.0940839972336107e-01  -1.8831184034675660e-01  -7.3487547452392832e-02  -7.8539816339744828e-01   4.3633231299858238e-01   0.0000000000000000e+00
   9.0940839972336107e-01  -1.8831184034675660e-01  -7.3487547452392832e-02   0.0000000000000000e+00   8.7266462599716477e-01   5.2359877559829882e-01
   9.7371000374420480e-01  -1.4697509490478566e-01  -2.7557830294647312e-02  -1.5707963267948966e+00   0.0000000000000000e+00  -5.2359877559829882e-01
   9.7371000374420480e-01  -1.4697509490478566e-01  -2.7557830294647312e-02  -7.8539816339744828e-01   4.3633231299858238e-01   0.0000000000000000e+00
   9.7371000374420480e-01  -1.4697509490478566e-01  -2.7557830294647312e-02   0.0000000000000000e+00   8.7266462599716477e-01   5.2359877559829882e-01
   1.0380116077650485e+00  -1.0563834946281470e-01   1.8371886863098152e-02  -1.5707963267948966e+00   0.0000000000000000e+00  -5.2359877559829882e-01
   1.0380116077650485e+00  -1.0563834946281470e-01   1.8371886863098152e-02  -7.8539816339744828e-01   4.3633231299858238e-01   0.0000000000000000e+00
   1.0380116077650485e+00  -1.0563834946281470e-01   1.8371886863098152e-02   0.0000000000000000e+00   8.7266462599716477e-01   5.2359877559829882e-01
   1.1023132117858923e+00  -6.4301604020843728e-02   6.4301604020843672e-02  -1.5707963267948966e+00   0.0000000000000000e+00  -5.2359877559829882e-01
   1.1023132117858923e+00  -6.4301604020843728e-02   6.4301604020843672e-02  -7.8539816339744828e-01   4.3633231299858238e-01   0.0000000000000000e+00
   1.1023132117858923e+00  -6.4301604020843728e-02   6.4301604020843672e-02   0.0000000000000000e+00   8.7266462599716477e-01   5.2359877559829882e-01
   1.1666148158067360e+00  -2.2964858578872760e-02   1.1023132117858919e-01  -1.5707963267948966e+00   0.0000000000000000e+00  -5.2359877559829882e-01
   1.1666148158067360e+00  -2.2964858578872760e-02   1.1023132117858919e-01  -7.8539816339744828e-01   4.3633231299858238e-01   0.0000000000000000e+00
   1.1666148158067360e+00  -2.2964858578872760e-02   1.1023132117858919e-01   0.0000000000000000e+00   8.7266462599716477e-01   5.2359877559829882e-01
   1.2309164198275797e+00   1.8371886863098152e-02   1.5616103833633471e-01  -1.5707963267948966e+00   0.0000000000000000e+00  -5.2359877559829882e-01
   1.2309164198275797e+00   1.8371886863098152e-02   1.5616103833633471e-01  -7.8539816339744828e-01   4.3633231299858238e-01   0.0000000000000000e+00
   1.2309164198275797e+00   1.8371886863098152e-02   1.5616103833633471e-01   0.0000000000000000e+00   8.7266462599716477e-01   5.2359877559829882e-01
   1.2952180238484234e+00   5.9708632305069176e-02   2.0209075549408023e-01  -1.5707963267948966e+00   0.0000000000000000e+00  -5.2359877559829882e-01
   1.2952180238484234e+00   5.9708632305069176e-02   2.0209075549408023e-01  -7.8539816339744828e-01   4.3633231299858238e-01   0.0000000000000000e+00
   1.2952180238484234e+00   5.9708632305069176e-02   2.0209075549408023e-01   0.0000000000000000e+00   8.7266462599716477e-01   5.2359877559829882e-01
   1.3595196278692672e+00   1.0104537774704020e-01   2.4802047265182564e-01  -1.5707963267948966e+00   0.0000000000000000e+00  -5.2359877559829882e-01
   1.3595196278692672e+00   1.0104537774704020e-01   2.4802047265182564e-01  -7.8539816339744828e-01   4.3633231299858238e-01   0.0000000000000000e+00
   1.3595196278692672e+00   1.0104537774704020e-01   2.4802047265182564e-01   0.0000000000000000e+00   8.7266462599716477e-01   5.2359877559829882e-01
   1.4238212318901109e+00   1.4238212318901106e-01   2.9395018980957127e-01  -1.5707963267948966e+00   0.0000000000000000e+00  -5.2359877559829882e-01
   1.4238212318901109e+00   1.4238212318901106e-01   2.9395018980957127e-01  -7.8539816339744828e-01   4.3633231299858238e-01   0.0000000000000000e+00
   1.4238212318901109e+00   1.4238212318901106e-01   2.9395018980957127e-01   0.0000000000000000e+00   8.7266462599716477e-01   5.2359877559829882e-01
   1.4881228359109546e+00   1.8371886863098202e-01   3.3987990696731679e-01  -1.5707963267948966e+00   0.0000000000000000e+00  -5.2359877559829882e-01
   1.4881228359109546e+00   1.8371886863098202e-01   3.3987990696731679e-01  -7.8539816339744828e-01   4.3633231299858238e-01   0.0000000000000000e+00
   1.4881228359109546e+00   1.8371886863098202e-01   3.3987990696731679e-01   0.0000000000000000e+00   8.7266462599716477e-01   5.2359877559829882e-01
   1.5524244399317984e+00   2.2505561407295299e-01   3.8580962412506220e-01  -1.5707963267948966e+00   0.0000000000000000e+00  -5.2359877559829882e-01
   1.5524244399317984e+00   2.2505561407295299e-01   3.8580962412506220e-01  -7.8539816339744828e-01   4.3633231299858238e-01   0.0000000000000000e+00
   1.5524244399317984e+00   2.2505561407295299e-01   3.8580962412506220e-01   0.0000000000000000e+00   8.7266462599716477e-01   5.2359877559829882e-01
   1.6167260439526419e+00   2.6639235951492407e-01   4.3173934128280772e-01  -1.5707963267948966e+00   0.0000000000000000e+00  -5.2359877559829882e-01
   1.6167260439526419e+00   2.6639235951492407e-01   4.3173934128280772e-01  -7.8539816339744828e-01   4.3633231299858238e-01   0.0000000000000000e+00
   1.6167260439526419e+00   2.6639235951492407e-01   4.3173934128280772e-01   0.0000000000000000e+00   8.7266462599716477e-01   5.2359877559829882e-01
   1.6810276479734858e+00   3.0772910495689493e-01   4.7766905844055324e-01  -1.5707963267948966e+00   0.0000000000000000e+00  -5.2359877559829882e-01
   1.6810276479734858e+00   3.0772910495689493e-01   4.7766905844055324e-01  -7.8539816339744828e-01   4.3633231299858238e-01   0.0000000000000000e+00
   1.6810276479734858e+00   3.0772910495689493e-01   4.7766905844055324e-01   0.0000000000000000e+00   8.7266462599716477e-01   5.2359877559829882e-01
   1.7453292519943295e+00   3.4906585039886590e-01   5.2359877559829882e-01  -1.5707963267948966e+00   0.0000000000000000e+00  -5.2359877559829882e-01
   1.7453292519943295e+00   3.4906585039886590e-01   5.2359877559829882e-01  -7.8539816339744828e-01   4.3633231299858238e-01   0.0000000000000000e+00
   1.7453292519943295e+00   3.4906585039886590e-01   5.2359877559829882e-01   0.0000000000000000e+00   8.7266462599716477e-01   5.2359877559829882e-01
