  -1.0471975511965976e+00   0.0000000000000000e+00  -1.7453292519943295e-01   5.2359877559829882e-01   1.7453292519943295e-01  -1.7453292519943295e-01
  -1.0116993291221368e+00   8.8745555186152333e-03  -1.6270018450794596e-01   5.0584966456106839e-01   1.5974199933507421e-01  -1.6861655485368945e-01
  -9.7620110704767571e-01   1.7749111037230467e-02  -1.5086744381645900e-01   4.8810055352383785e-01   1.4495107347071551e-01  -1.6270018450794596e-01
  -9.4070288497321486e-01   2.6623666555845703e-02  -1.3903470312497201e-01   4.7035144248660743e-01   1.3016014760635677e-01  -1.5678381416220250e-01
  -9.0520466289875390e-01   3.5498222074460933e-02  -1.2720196243348503e-01   4.5260233144937695e-01   1.1536922174199804e-01  -1.5086744381645900e-01
  -8.6970644082429294e-01   4.4372777593076167e-02  -1.1536922174199804e-01   4.3485322041214647e-01   1.0057829587763932e-01  -1.4495107347071551e-01
  -8.3420821874983198e-01   5.3247333111691407e-02  -1.0353648105051108e-01   4.1710410937491599e-01   8.5787370013280601e-02  -1.3903470312497201e-01
  -7.9870999667537101e-01   6.2121888630306640e-02  -9.1703740359024094e-02   3.9935499833768551e-01   7.0996444148921867e-02  -1.3311833277922852e-01
  -7.6321177460091005e-01   7.0996444148921867e-02  -7.9870999667537107e-02   3.8160588730045503e-01   5.6205518284563147e-02  -1.2720196243348503e-01
  -7.2771355252644920e-01   7.9870999667537107e-02  -6.8038258976050134e-02   3.6385677626322460e-01   4.1414592420204427e-02  -1.2128559208774155e-01
  -6.9221533045198824e-01   8.8745555186152333e-02  -5.6205518284563147e-02   3.4610766522599412e-01   2.6623666555845693e-02  -1.1536922174199805e-01
  -6.5671710837752728e-01   9.7620110704767574e-02  -4.4372777593076174e-02   3.2835855418876364e-01   1.1832740691486987e-02  -1.0945285139625456e-01
  -6.2121888630306632e-01   1.0649466622338281e-01  -3.2540036901589214e-02   3.1060944315153316e-01  -2.9581851728717468e-03  -1.0353648105051107e-01
  -5.8572066422860536e-01   1.1536922174199804e-01  -2.0707296210102200e-02   2.9286033211430268e-01  -1.7749111037230453e-02  -9.7620110704767574e-02
  -5.5022244215414451e-01   1.2424377726061328e-01  -8.8745555186152403e-03   2.7511122107707225e-01  -3.2540036901589214e-02  -9.1703740359024094e-02
  -5.1472422007968366e-01   1.3311833277922849e-01   2.9581851728717468e-03   2.5736211003984183e-01  -4.7330962765947920e-02  -8.5787370013280601e-02
  -4.7922599800522264e-01   1.4199288829784373e-01   1.4790925864358734e-02   2.3961299900261132e-01  -6.2121888630306654e-02  -7.9870999667537107e-02
  -4.4372777593076168e-01   1.5086744381645897e-01   2.6623666555845693e-02   2.2186388796538084e-01  -7.6912814494665388e-02  -7.3954629321793613e-02
  -4.0822955385630078e-01   1.5974199933507421e-01   3.8456407247332680e-02   2.0411477692815039e-01  -9.1703740359024094e-02  -6.8038258976050134e-02
  -3.7273133178183981e-01   1.6861655485368945e-01   5.0289147938819667e-02   1.8636566589091991e-01  -1.0649466622338280e-01  -6.2121888630306640e-02
  -3.3723310970737885e-01   1.7749111037230467e-01   6.2121888630306654e-02   1.6861655485368943e-01  -1.2128559208774156e-01  -5.6205518284563147e-02
  -3.0173488763291795e-01   1.8636566589091993e-01   7.3954629321793613e-02   1.5086744381645897e-01  -1.3607651795210027e-01  -5.0289147938819667e-02
  -2.6623666555845699e-01   1.9524022140953515e-01   8.5787370013280601e-02   1.3311833277922849e-01  -1.5086744381645897e-01  -4.4372777593076174e-02
  -2.3073844348399608e-01   2.0411477692815039e-01   9.7620110704767588e-02   1.1536922174199804e-01  -1.6565836968081768e-01  -3.8456407247332680e-02
  -1.9524022140953515e-01   2.1298933244676563e-01   1.0945285139625452e-01   9.7620110704767574e-02  -1.8044929554517644e-01  -3.2540036901589194e-02
  -1.5974199933507421e-01   2.2186388796538087e-01   1.2128559208774151e-01   7.9870999667537107e-02  -1.9524022140953515e-01  -2.6623666555845707e-02
  -1.2424377726061328e-01   2.3073844348399608e-01   1.3311833277922855e-01   6.2121888630306640e-02  -2.1003114727389385e-01  -2.0707296210102213e-02
  -8.8745555186152333e-02   2.3961299900261132e-01   1.4495107347071548e-01   4.4372777593076167e-02  -2.2482207313825267e-01  -1.4790925864358723e-02
  -5.3247333111691407e-02   2.4848755452122656e-01   1.5678381416220247e-01   2.6623666555845703e-02  -2.3961299900261138e-01  -8.8745555186152351e-03
  -1.7749111037230467e-02   2.5736211003984177e-01   1.6861655485368945e-01   8.8745555186152333e-03  -2.5440392486697005e-01  -2.9581851728717450e-03
   1.7749111037230467e-02   2.6623666555845699e-01   1.8044929554517644e-01  -8.8745555186152333e-03  -2.6919485073132876e-01   2.9581851728717450e-03
   5.3247333111691407e-02   2.7511122107707225e-01   1.9228203623666343e-01  -2.6623666555845703e-02  -2.8398577659568758e-01   8.8745555186152351e-03
   8.8745555186152333e-02   2.8398577659568747e-01   2.0411477692815042e-01  -4.4372777593076167e-02  -2.9877670246004628e-01   1.4790925864358723e-02
   1.2424377726061328e-01   2.9286033211430273e-01   2.1594751761963735e-01  -6.2121888630306640e-02  -3.1356762832440499e-01   2.0707296210102213e-02
   1.5974199933507421e-01   3.0173488763291795e-01   2.2778025831112433e-01  -7.9870999667537107e-02  -3.2835855418876370e-01   2.6623666555845707e-02
   1.9524022140953515e-01   3.1060944315153316e-01   2.3961299900261138e-01  -9.7620110704767574e-02  -3.4314948005312240e-01   3.2540036901589194e-02
   2.3073844348399608e-01   3.1948399867014843e-01   2.5144573969409834e-01  -1.1536922174199804e-01  -3.5794040591748111e-01   3.8456407247332680e-02
   2.6623666555845699e-01   3.2835855418876370e-01   2.6327848038558532e-01  -1.3311833277922849e-01  -3.7273133178183993e-01   4.4372777593076174e-02
   3.0173488763291795e-01   3.3723310970737891e-01   2.7511122107707231e-01  -1.5086744381645897e-01  -3.8752225764619852e-01   5.0289147938819667e-02
   3.3723310970737885e-01   3.4610766522599412e-01   2.8694396176855930e-01  -1.6861655485368943e-01  -4.0231318351055734e-01   5.6205518284563147e-02
   3.7273133178183981e-01   3.5498222074460933e-01   2.9877670246004628e-01  -1.8636566589091991e-01  -4.1710410937491604e-01   6.2121888630306640e-02
   4.0822955385630078e-01   3.6385677626322460e-01   3.1060944315153316e-01  -2.0411477692815039e-01  -4.3189503523927475e-01   6.8038258976050134e-02
   4.4372777593076168e-01   3.7273133178183987e-01   3.2244218384302015e-01  -2.2186388796538084e-01  -4.4668596110363346e-01   7.3954629321793613e-02
   4.7922599800522264e-01   3.8160588730045508e-01   3.3427492453450713e-01  -2.3961299900261132e-01  -4.6147688696799227e-01   7.9870999667537107e-02
   5.1472422007968366e-01   3.9048044281907029e-01   3.4610766522599412e-01  -2.5736211003984183e-01  -4.7626781283235087e-01   8.5787370013280601e-02
   5.5022244215414451e-01   3.9935499833768556e-01   3.5794040591748111e-01  -2.7511122107707225e-01  -4.9105873869670968e-01   9.1703740359024094e-02
   5.8572066422860536e-01   4.0822955385630078e-01   3.6977314660896810e-01  -2.9286033211430268e-01  -5.0584966456106828e-01   9.7620110704767574e-02
   6.2121888630306632e-01   4.1710410937491599e-01   3.8160588730045508e-01  -3.1060944315153316e-01  -5.2064059042542710e-01   1.0353648105051107e-01
   6.5671710837752728e-01   4.2597866489353126e-01   3.9343862799194196e-01  -3.2835855418876364e-01  -5.3543151628978580e-01   1.0945285139625456e-01
   6.9221533045198824e-01   4.3485322041214647e-01   4.0527136868342895e-01  -3.4610766522599412e-01  -5.5022244215414451e-01   1.1536922174199805e-01
   7.2771355252644920e-01   4.4372777593076174e-01   4.1710410937491593e-01  -3.6385677626322460e-01  -5.6501336801850321e-01   1.2128559208774155e-01
   7.6321177460091005e-01   4.5260233144937695e-01   4.2893685006640303e-01  -3.8160588730045503e-01  -5.7980429388286203e-01   1.2720196243348503e-01
   7.9870999667537101e-01   4.6147688696799216e-01   4.4076959075789002e-01  -3.9935499833768551e-01  -5.9459521974722063e-01   1.3311833277922852e-01
   8.3420821874983198e-01   4.7035144248660737e-01   4.5260233144937700e-01  -4.1710410937491599e-01  -6.0938614561157944e-01   1.3903470312497201e-01
   8.6970644082429294e-01   4.7922599800522264e-01   4.6443507214086388e-01  -4.3485322041214647e-01  -6.2417707147593826e-01   1.4495107347071551e-01
   9.0520466289875390e-01   4.8810055352383791e-01   4.7626781283235087e-01  -4.5260233144937695e-01  -6.3896799734029686e-01   1.5086744381645900e-01
   9.4070288497321486e-01   4.9697510904245312e-01   4.8810055352383785e-01  -4.7035144248660743e-01  -6.5375892320465567e-01   1.5678381416220250e-01
   9.7620110704767571e-01   5.0584966456106839e-01   4.9993329421532484e-01  -4.8810055352383785e-01  -6.6854984906901438e-01   1.6270018450794596e-01
   1.0116993291221368e+00   5.1472422007968355e-01   5.1176603490681183e-01  -5.0584966456106839e-01  -6.8334077493337309e-01   1.6861655485368945e-01
   1.0471975511965976e+00   5.2359877559829882e-01   5.2359877559829882e-01  -5.2359877559829882e-01  -6.9813170079773179e-01   1.7453292519943295e-01
