  -1.7453292519943295e+00  -1.7453292519943295e-01   5.2359877559829882e-01  -3.4906585039886590e-01  -1.7453292519943295e-01  -1.7453292519943295e-01
  -1.7246219557842273e+00  -1.6270018450794596e-01   5.0584966456106839e-01  -3.3723310970737891e-01  -1.5382562898933072e-01  -1.8340748071804819e-01
  -1.7039146595741250e+00  -1.5086744381645900e-01   4.8810055352383785e-01  -3.2540036901589192e-01  -1.3311833277922852e-01  -1.9228203623666340e-01
  -1.6832073633640230e+00  -1.3903470312497201e-01   4.7035144248660743e-01  -3.1356762832440499e-01  -1.1241103656912631e-01  -2.0115659175527864e-01
  -1.6625000671539207e+00  -1.2720196243348503e-01   4.5260233144937695e-01  -3.0173488763291800e-01  -9.1703740359024094e-02  -2.1003114727389388e-01
  -1.6417927709438185e+00  -1.1536922174199804e-01   4.3485322041214647e-01  -2.8990214694143102e-01  -7.0996444148921867e-02  -2.1890570279250912e-01
  -1.6210854747337162e+00  -1.0353648105051108e-01   4.1710410937491599e-01  -2.7806940624994403e-01  -5.0289147938819667e-02  -2.2778025831112436e-01
  -1.6003781785236140e+00  -9.1703740359024094e-02   3.9935499833768551e-01  -2.6623666555845704e-01  -2.9581851728717468e-02  -2.3665481382973957e-01
  -1.5796708823135117e+00  -7.9870999667537107e-02   3.8160588730045503e-01  -2.5440392486697005e-01  -8.8745555186152403e-03  -2.4552936934835481e-01
  -1.5589635861034097e+00  -6.8038258976050134e-02   3.6385677626322460e-01  -2.4257118417548310e-01   1.1832740691486987e-02  -2.5440392486697005e-01
  -1.5382562898933074e+00  -5.6205518284563147e-02   3.4610766522599412e-01  -2.3073844348399611e-01   3.2540036901589214e-02  -2.6327848038558527e-01
  -1.5175489936832052e+00  -4.4372777593076174e-02   3.2835855418876364e-01  -2.1890570279250912e-01   5.3247333111691386e-02  -2.7215303590420054e-01
  -1.4968416974731029e+00  -3.2540036901589214e-02   3.1060944315153316e-01  -2.0707296210102213e-01   7.3954629321793613e-02  -2.8102759142281575e-01
  -1.4761344012630007e+00  -2.0707296210102200e-02   2.9286033211430268e-01  -1.9524022140953515e-01   9.4661925531895813e-02  -2.8990214694143102e-01
  -1.4554271050528986e+00  -8.8745555186152403e-03   2.7511122107707225e-01  -1.8340748071804819e-01   1.1536922174199801e-01  -2.9877670246004623e-01
  -1.4347198088427964e+00   2.9581851728717468e-03   2.5736211003984183e-01  -1.7157474002656120e-01   1.3607651795210027e-01  -3.0765125797866144e-01
  -1.4140125126326941e+00   1.4790925864358734e-02   2.3961299900261132e-01  -1.5974199933507421e-01   1.5678381416220247e-01  -3.1652581349727671e-01
  -1.3933052164225919e+00   2.6623666555845693e-02   2.2186388796538084e-01  -1.4790925864358723e-01   1.7749111037230467e-01  -3.2540036901589192e-01
  -1.3725979202124896e+00   3.8456407247332680e-02   2.0411477692815039e-01  -1.3607651795210027e-01   1.9819840658240692e-01  -3.3427492453450713e-01
  -1.3518906240023876e+00   5.0289147938819667e-02   1.8636566589091991e-01  -1.2424377726061328e-01   2.1890570279250912e-01  -3.4314948005312240e-01
  -1.3311833277922851e+00   6.2121888630306654e-02   1.6861655485368943e-01  -1.1241103656912629e-01   2.3961299900261138e-01  -3.5202403557173761e-01
  -1.3104760315821831e+00   7.3954629321793613e-02   1.5086744381645897e-01  -1.0057829587763933e-01   2.6032029521271349e-01  -3.6089859109035288e-01
  -1.2897687353720808e+00   8.5787370013280601e-02   1.3311833277922849e-01  -8.8745555186152347e-02   2.8102759142281575e-01  -3.6977314660896810e-01
  -1.2690614391619786e+00   9.7620110704767588e-02   1.1536922174199804e-01  -7.6912814494665360e-02   3.0173488763291800e-01  -3.7864770212758336e-01
  -1.2483541429518765e+00   1.0945285139625452e-01   9.7620110704767574e-02  -6.5080073803178387e-02   3.2244218384302015e-01  -3.8752225764619858e-01
  -1.2276468467417743e+00   1.2128559208774151e-01   7.9870999667537107e-02  -5.3247333111691414e-02   3.4314948005312229e-01  -3.9639681316481379e-01
  -1.2069395505316720e+00   1.3311833277922855e-01   6.2121888630306640e-02  -4.1414592420204427e-02   3.6385677626322455e-01  -4.0527136868342906e-01
  -1.1862322543215698e+00   1.4495107347071548e-01   4.4372777593076167e-02  -2.9581851728717447e-02   3.8456407247332680e-01  -4.1414592420204427e-01
  -1.1655249581114675e+00   1.5678381416220247e-01   2.6623666555845703e-02  -1.7749111037230470e-02   4.0527136868342895e-01  -4.2302047972065948e-01
  -1.1448176619013655e+00   1.6861655485368945e-01   8.8745555186152333e-03  -5.9163703457434901e-03   4.2597866489353120e-01  -4.3189503523927475e-01
  -1.1241103656912630e+00   1.8044929554517644e-01  -8.8745555186152333e-03   5.9163703457434901e-03   4.4668596110363346e-01  -4.4076959075788991e-01
  -1.1034030694811610e+00   1.9228203623666343e-01  -2.6623666555845703e-02   1.7749111037230470e-02   4.6739325731373560e-01  -4.4964414627650517e-01
  -1.0826957732710587e+00   2.0411477692815042e-01  -4.4372777593076167e-02   2.9581851728717447e-02   4.8810055352383785e-01  -4.5851870179512044e-01
  -1.0619884770609564e+00   2.1594751761963735e-01  -6.2121888630306640e-02   4.1414592420204427e-02   5.0880784973394011e-01  -4.6739325731373571e-01
  -1.0412811808508544e+00   2.2778025831112433e-01  -7.9870999667537107e-02   5.3247333111691414e-02   5.2951514594404225e-01  -4.7626781283235087e-01
  -1.0205738846407519e+00   2.3961299900261138e-01  -9.7620110704767574e-02   6.5080073803178387e-02   5.5022244215414451e-01  -4.8514236835096614e-01
  -9.9986658843064979e-01   2.5144573969409834e-01  -1.1536922174199804e-01   7.6912814494665360e-02   5.7092973836424676e-01  -4.9401692386958140e-01
  -9.7915929222054765e-01   2.6327848038558532e-01  -1.3311833277922849e-01   8.8745555186152347e-02   5.9163703457434891e-01  -5.0289147938819667e-01
  -9.5845199601044540e-01   2.7511122107707231e-01  -1.5086744381645897e-01   1.0057829587763933e-01   6.1234433078445116e-01  -5.1176603490681183e-01
  -9.3774469980034314e-01   2.8694396176855930e-01  -1.6861655485368943e-01   1.1241103656912629e-01   6.3305162699455342e-01  -5.2064059042542710e-01
  -9.1703740359024088e-01   2.9877670246004628e-01  -1.8636566589091991e-01   1.2424377726061328e-01   6.5375892320465567e-01  -5.2951514594404225e-01
  -8.9633010738013874e-01   3.1060944315153316e-01  -2.0411477692815039e-01   1.3607651795210027e-01   6.7446621941475782e-01  -5.3838970146265752e-01
  -8.7562281117003660e-01   3.2244218384302015e-01  -2.2186388796538084e-01   1.4790925864358723e-01   6.9517351562485996e-01  -5.4726425698127279e-01
  -8.5491551495993434e-01   3.3427492453450713e-01  -2.3961299900261132e-01   1.5974199933507421e-01   7.1588081183496222e-01  -5.5613881249988806e-01
  -8.3420821874983220e-01   3.4610766522599412e-01  -2.5736211003984183e-01   1.7157474002656120e-01   7.3658810804506436e-01  -5.6501336801850321e-01
  -8.1350092253972994e-01   3.5794040591748111e-01  -2.7511122107707225e-01   1.8340748071804819e-01   7.5729540425516662e-01  -5.7388792353711848e-01
  -7.9279362632962769e-01   3.6977314660896810e-01  -2.9286033211430268e-01   1.9524022140953515e-01   7.7800270046526887e-01  -5.8276247905573375e-01
  -7.7208633011952554e-01   3.8160588730045508e-01  -3.1060944315153316e-01   2.0707296210102213e-01   7.9870999667537101e-01  -5.9163703457434891e-01
  -7.5137903390942329e-01   3.9343862799194196e-01  -3.2835855418876364e-01   2.1890570279250912e-01   8.1941729288547327e-01  -6.0051159009296418e-01
  -7.3067173769932103e-01   4.0527136868342895e-01  -3.4610766522599412e-01   2.3073844348399611e-01   8.4012458909557552e-01  -6.0938614561157944e-01
  -7.0996444148921900e-01   4.1710410937491593e-01  -3.6385677626322460e-01   2.4257118417548310e-01   8.6083188530567756e-01  -6.1826070113019471e-01
  -6.8925714527911675e-01   4.2893685006640303e-01  -3.8160588730045503e-01   2.5440392486697005e-01   8.8153918151577981e-01  -6.2713525664880987e-01
  -6.6854984906901449e-01   4.4076959075789002e-01  -3.9935499833768551e-01   2.6623666555845704e-01   9.0224647772588207e-01  -6.3600981216742514e-01
  -6.4784255285891224e-01   4.5260233144937700e-01  -4.1710410937491599e-01   2.7806940624994403e-01   9.2295377393598432e-01  -6.4488436768604029e-01
  -6.2713525664880998e-01   4.6443507214086388e-01  -4.3485322041214647e-01   2.8990214694143102e-01   9.4366107014608658e-01  -6.5375892320465556e-01
  -6.0642796043870795e-01   4.7626781283235087e-01  -4.5260233144937695e-01   3.0173488763291800e-01   9.6436836635618861e-01  -6.6263347872327083e-01
  -5.8572066422860569e-01   4.8810055352383785e-01  -4.7035144248660743e-01   3.1356762832440499e-01   9.8507566256629087e-01  -6.7150803424188610e-01
  -5.6501336801850344e-01   4.9993329421532484e-01  -4.8810055352383785e-01   3.2540036901589192e-01   1.0057829587763931e+00  -6.8038258976050137e-01
  -5.4430607180840118e-01   5.1176603490681183e-01  -5.0584966456106839e-01   3.3723310970737891e-01   1.0264902549864954e+00  -6.8925714527911652e-01
  -5.2359877559829882e-01   5.2359877559829882e-01  -5.2359877559829882e-01   3.4906585039886590e-01   1.0471975511965976e+00  -6.9813170079773179e-01
