   1.5707963267948966e+00  -3.4906585039886590e-01   6.9813170079773179e-01  -1.7453292519943295e-01   6.9813170079773179e-01  -8.7266462599716477e-01
   1.5707963267948966e+00  -3.4906585039886590e-01   6.9813170079773179e-01   8.7266462599716460e-02   1.7453292519943298e-01  -4.3633231299858238e-01
   1.5707963267948966e+00  -3.4906585039886590e-01   6.9813170079773179e-01   3.4906585039886590e-01  -3.4906585039886590e-01   0.0000000000000000e+00
   1.6442838742472894e+00  -2.9395018980957127e-01   6.2464415334533896e-01  -1.7453292519943295e-01   6.9813170079773179e-01  -8.7266462599716477e-01
   1.6442838742472894e+00  -2.9395018980957127e-01   6.2464415334533896e-01   8.7266462599716460e-02   1.7453292519943298e-01  -4.3633231299858238e-01
   1.6442838742472894e+00  -2.9395018980957127e-01   6.2464415334533896e-01   3.4906585039886590e-01  -3.4906585039886590e-01   0.0000000000000000e+00
   1.7177714216996822e+00  -2.3883452922027668e-01   5.5115660589294613e-01  -1.7453292519943295e-01   6.9813170079773179e-01  -8.7266462599716477e-01
   1.7177714216996822e+00  -2.3883452922027668e-01   5.5115660589294613e-01   8.7266462599716460e-02   1.7453292519943298e-01  -4.3633231299858238e-01
   1.7177714216996822e+00  -2.3883452922027668e-01   5.5115660589294613e-01   3.4906585039886590e-01  -3.4906585039886590e-01   0.0000000000000000e+00
   1.7912589691520751e+00  -1.8371886863098205e-01   4.7766905844055335e-01  -1.7453292519943295e-01   6.9813170079773179e-01  -8.7266462599716477e-01
   1.7912589691520751e+00  -1.8371886863098205e-01   4.7766905844055335e-01   8.7266462599716460e-02   1.7453292519943298e-01  -4.3633231299858238e-01
   1.7912589691520751e+00  -1.8371886863098205e-01   4.7766905844055335e-01   3.4906585039886590e-01  -3.4906585039886590e-01   0.0000000000000000e+00
   1.8647465166044679e+00  -1.2860320804168746e-01   4.0418151098816052e-01  -1.7453292519943295e-01   6.9813170079773179e-01  -8.7266462599716477e-01
   1.8647465166044679e+00  -1.2860320804168746e-01   4.0418151098816052e-01   8.7266462599716460e-02   1.7453292519943298e-01  -4.3633231299858238e-01
   1.8647465166044679e+00  -1.2860320804168746e-01   4.0418151098816052e-01   3.4906585039886590e-01  -3.4906585039886590e-01   0.0000000000000000e+00
   1.9382340640568607e+00  -7.3487547452392832e-02   3.3069396353576769e-01  -1.7453292519943295e-01   6.9813170079773179e-01  -8.7266462599716477e-01
   1.9382340640568607e+00  -7.3487547452392832e-02   3.3069396353576769e-01   8.7266462599716460e-02   1.7453292519943298e-01  -4.3633231299858238e-01
   1.9382340640568607e+00  -7.3487547452392832e-02   3.3069396353576769e-01   3.4906585039886590e-01  -3.4906585039886590e-01   0.0000000000000000e+00
   2.0117216115092535e+00  -1.8371886863098208e-02   2.5720641608337486e-01  -1.7453292519943295e-01   6.9813170079773179e-01  -8.7266462599716477e-01
   2.0117216115092535e+00  -1.8371886863098208e-02   2.5720641608337486e-01   8.7266462599716460e-02   1.7453292519943298e-01  -4.3633231299858238e-01
   2.0117216115092535e+00  -1.8371886863098208e-02   2.5720641608337486e-01   3.4906585039886590e-01  -3.4906585039886590e-01   0.0000000000000000e+00
   2.0852091589616464e+00   3.6743773726196416e-02   1.8371886863098205e-01  -1.7453292519943295e-01   6.9813170079773179e-01  -8.7266462599716477e-01
   2.0852091589616464e+00   3.6743773726196416e-02   1.8371886863098205e-01   8.7266462599716460e-02   1.7453292519943298e-01  -4.3633231299858238e-01
   2.0852091589616464e+00   3.6743773726196416e-02   1.8371886863098205e-01   3.4906585039886590e-01  -3.4906585039886590e-01   0.0000000000000000e+00
   2.1586967064140392e+00   9.1859434315490984e-02   1.1023132117858922e-01  -1.7453292519943295e-01   6.9813170079773179e-01  -8.7266462599716477e-01
   2.1586967064140392e+00   9.1859434315490984e-02   1.1023132117858922e-01   8.7266462599716460e-02   1.7453292519943298e-01  -4.3633231299858238e-01
   2.1586967064140392e+00   9.1859434315490984e-02   1.1023132117858922e-01   3.4906585039886590e-01  -3.4906585039886590e-01   0.0000000000000000e+00
   2.2321842538664320e+00   1.4697509490478566e-01   3.6743773726196409e-02  -1.7453292519943295e-01   6.9813170079773179e-01  -8.7266462599716477e-01
   2.2321842538664320e+00   1.4697509490478566e-01   3.6743773726196409e-02   8.7266462599716460e-02   1.7453292519943298e-01  -4.3633231299858238e-01
   2.2321842538664320e+00   1.4697509490478566e-01   3.6743773726196409e-02   3.4906585039886590e-01  -3.4906585039886590e-01   0.0000000000000000e+00
   2.3056718013188249e+00   2.0209075549408023e-01  -3.6743773726196409e-02  -1.7453292519943295e-01   6.9813170079773179e-01  -8.7266462599716477e-01
   2.3056718013188249e+00   2.0209075549408023e-01  -3.6743773726196409e-02   8.7266462599716460e-02   1.7453292519943298e-01  -4.3633231299858238e-01
   2.3056718013188249e+00   2.0209075549408023e-01  -3.6743773726196409e-02   3.4906585039886590e-01  -3.4906585039886590e-01   0.0000000000000000e+00
   2.3791593487712177e+00   2.5720641608337486e-01  -1.1023132117858922e-01  -1.7453292519943295e-01   6.9813170079773179e-01  -8.7266462599716477e-01
   2.3791593487712177e+00   2.5720641608337486e-01  -1.1023132117858922e-01   8.7266462599716460e-02   1.7453292519943298e-01  -4.3633231299858238e-01
   2.3791593487712177e+00   2.5720641608337486e-01  -1.1023132117858922e-01   3.4906585039886590e-01  -3.4906585039886590e-01   0.0000000000000000e+00
   2.4526468962236105e+00   3.1232207667266948e-01  -1.8371886863098205e-01  -1.7453292519943295e-01   6.9813170079773179e-01  -8.7266462599716477e-01
   2.4526468962236105e+00   3.1232207667266948e-01  -1.8371886863098205e-01   8.7266462599716460e-02   1.7453292519943298e-01  -4.3633231299858238e-01
   2.4526468962236105e+00   3.1232207667266948e-01  -1.8371886863098205e-01   3.4906585039886590e-01  -3.4906585039886590e-01   0.0000000000000000e+00
   2.5261344436760034e+00   3.6743773726196410e-01  -2.5720641608337486e-01  -1.7453292519943295e-01   6.9813170079773179e-01  -8.7266462599716477e-01
   2.5261344436760034e+00   3.6743773726196410e-01  -2.5720641608337486e-01   8.7266462599716460e-02   1.7453292519943298e-01  -4.3633231299858238e-01
   2.5261344436760034e+00   3.6743773726196410e-01  -2.5720641608337486e-01   3.4906585039886590e-01  -3.4906585039886590e-01   0.0000000000000000e+00
   2.5996219911283962e+00   4.2255339785125873e-01  -3.3069396353576769e-01  -1.7453292519943295e-01   6.9813170079773179e-01  -8.7266462599716477e-01
   2.5996219911283962e+00   4.2255339785125873e-01  -3.3069396353576769e-01   8.7266462599716460e-02   1.7453292519943298e-01  -4.3633231299858238e-01
   2.5996219911283962e+00   4.2255339785125873e-01  -3.3069396353576769e-01   3.4906585039886590e-01  -3.4906585039886590e-01   0.0000000000000000e+00
   2.6731095385807890e+00   4.7766905844055324e-01  -4.0418151098816052e-01  -1.7453292519943295e-01   6.9813170079773179e-01  -8.7266462599716477e-01
   2.6731095385807890e+00   4.7766905844055324e-01  -4.0418151098816052e-01   8.7266462599716460e-02   1.7453292519943298e-01  -4.3633231299858238e-01
   2.6731095385807890e+00   4.7766905844055324e-01  -4.0418151098816052e-01   3.4906585039886590e-01  -3.4906585039886590e-01   0.0000000000000000e+00
   2.7465970860331819e+00   5.3278471902984781e-01  -4.7766905844055335e-01  -1.7453292519943295e-01   6.9813170079773179e-01  -8.7266462599716477e-01
   2.7465970860331819e+00   5.3278471902984781e-01  -4.7766905844055335e-01   8.7266462599716460e-02   1.7453292519943298e-01  -4.3633231299858238e-01
   2.7465970860331819e+00   5.3278471902984781e-01  -4.7766905844055335e-01   3.4906585039886590e-01  -3.4906585039886590e-01   0.0000000000000000e+00
   2.8200846334855747e+00   5.8790037961914243e-01  -5.5115660589294613e-01  -1.7453292519943295e-01   6.9813170079773179e-01  -8.7266462599716477e-01
   2.8200846334855747e+00   5.8790037961914243e-01  -5.5115660589294613e-01   8.7266462599716460e-02   1.7453292519943298e-01  -4.3633231299858238e-01
   2.8200846334855747e+00   5.8790037961914243e-01  -5.5115660589294613e-01   3.4906585039886590e-01  -3.4906585039886590e-01   0.0000000000000000e+00
   2.8935721809379675e+00   6.4301604020843728e-01  -6.2464415334533896e-01  -1.7453292519943295e-01   6.9813170079773179e-01  -8.7266462599716477e-01
   2.8935721809379675e+00   6.4301604020843728e-01  -6.2464415334533896e-01   8.7266462599716460e-02   1.7453292519943298e-01  -4.3633231299858238e-01
   2.8935721809379675e+00   6.4301604020843728e-01  -6.2464415334533896e-01   3.4906585039886590e-01  -3.4906585039886590e-01   0.0000000000000000e+00
   2.9670597283903604e+00   6.9813170079773179e-01  -6.9813170079773179e-01  -1.7453292519943295e-01   6.9813170079773179e-01  -8.7266462599716477e-01
   2.9670597283903604e+00   6.9813170079773179e-01  -6.9813170079773179e-01   8.7266462599716460e-02   1.7453292519943298e-01  -4.3633231299858238e-01
   2.9670597283903604e+00   6.9813170079773179e-01  -6.9813170079773179e-01   3.4906585039886590e-01  -3.4906585039886590e-01   0.0000000000000000e+00
